109
120
120
133
134
129
139
126
139
131
113
100
64
3
20
34
45
71
87
82
65
40
20
12
30
27
39
51
29
15
24
15
5
0
48
99
139
153
138
153
133
149
173
176
191
147
124
169
171
160
154
150
150
148
147
161
135
50
15
19
18
7
1
27
62
31
29
8
30
42
43
70
90
81
108
121
96
105
99
161
181
195
208
211
203
189
182
185
186
172
161
163
173
180
182
183
171
160
160
166
112
106
137
137
124
128
125
142
142
134
121
114
80
16
26
39
43
86
114
89
50
11
0
36
59
57
49
42
23
10
18
18
25
0
8
20
45
78
99
138
140
160
174
128
172
141
123
125
101
123
139
135
141
155
157
155
116
28
0
18
17
14
9
0
0
60
35
47
103
38
4
31
35
96
120
124
138
151
133
135
172
193
199
188
188
197
194
184
172
184
189
180
171
171
173
172
175
155
154
172
98
124
130
140
119
107
141
143
145
130
115
106
76
12
19
35
28
16
41
40
10
4
10
21
81
91
65
36
16
0
9
29
23
17
29
18
7
13
27
63
76
78
113
144
127
125
116
117
103
101
109
127
135
130
126
130
64
3
0
37
26
0
10
13
37
57
46
64
61
24
65
60
66
93
120
166
179
137
149
153
150
165
177
172
149
131
147
179
179
180
183
189
199
204
195
182
172
197
194
158
93
120
141
116
106
124
129
143
146
128
113
104
78
13
9
25
32
35
13
5
12
4
8
30
82
77
26
3
21
18
10
19
45
45
54
44
31
24
17
26
19
2
49
76
82
99
122
92
103
100
89
91
104
113
101
72
11
5
3
29
28
10
30
46
64
47
44
41
59
73
95
91
92
93
77
94
119
66
102
151
180
191
192
186
180
169
146
126
151
146
152
167
179
185
199
216
221
207
198
196
105
128
138
112
125
145
132
150
144
129
124
120
100
32
11
20
40
51
21
15
8
0
19
16
78
70
21
8
38
38
34
49
40
46
51
35
16
11
14
25
9
9
6
3
11
13
17
11
16
20
14
25
38
48
46
19
11
5
12
48
34
0
39
95
57
53
44
20
56
58
47
81
67
47
89
121
121
97
130
135
157
175
184
182
181
180
172
165
161
166
179
191
187
175
175
183
159
166
179
184
106
124
112
121
144
137
133
144
140
124
119
111
98
39
14
22
37
23
29
60
50
65
99
51
68
67
37
27
30
15
25
59
23
18
11
5
5
7
3
0
2
14
0
15
0
10
14
34
50
52
55
79
77
68
92
100
22
0
2
40
35
20
33
38
80
57
29
25
53
46
57
74
56
58
81
84
115
148
152
140
151
157
171
186
188
177
176
187
185
199
202
186
169
163
164
164
162
149
152
165
97
79
115
116
130
140
105
132
140
119
106
89
81
34
13
24
46
62
70
78
91
81
60
59
53
30
6
18
22
0
1
18
19
19
12
9
8
11
20
23
20
23
26
28
37
72
104
75
85
105
106
109
98
103
134
129
99
21
1
26
26
17
38
74
42
57
42
43
68
54
72
77
86
75
115
150
130
131
143
163
158
175
177
168
175
193
198
192
187
189
184
178
187
198
187
166
157
144
151
169
92
92
123
139
139
140
131
128
142
123
110
90
84
40
15
23
40
46
69
63
75
59
5
26
46
17
11
44
50
25
25
36
43
40
29
26
22
18
19
15
34
61
62
117
116
122
113
127
112
112
113
144
143
129
148
144
119
41
0
4
21
22
31
82
104
100
92
67
66
85
108
76
99
83
79
134
153
165
151
161
175
180
184
188
188
183
179
183
190
194
195
192
188
187
183
179
163
167
176
181
101
108
127
145
139
146
127
118
148
141
117
94
98
54
24
22
39
17
54
53
25
15
0
16
32
41
1
70
63
43
51
63
45
30
38
24
6
25
17
52
100
106
125
148
111
100
150
148
139
124
156
179
167
144
136
147
138
92
16
1
18
19
29
37
67
74
77
60
82
86
132
97
100
115
97
115
136
157
130
137
156
176
194
190
178
181
195
203
207
199
194
195
197
195
186
180
173
175
182
189
101
110
123
128
112
124
120
125
127
121
129
99
98
58
8
30
41
55
60
48
0
0
44
18
49
85
24
42
55
81
75
41
52
19
6
12
32
87
106
135
148
157
173
176
157
155
168
163
176
143
136
142
162
132
153
148
142
135
58
1
7
16
22
25
32
62
26
44
63
81
112
84
85
76
58
67
129
136
120
127
153
171
191
196
192
194
197
194
201
202
197
185
169
157
152
151
173
185
183
163
85
99
119
132
127
139
123
116
119
119
129
104
103
51
2
30
30
39
76
75
22
32
65
24
93
95
32
58
62
44
35
49
9
1
17
71
107
147
158
162
153
176
197
190
186
178
146
130
168
168
123
119
168
144
129
145
143
154
102
34
6
5
12
10
35
52
0
46
80
62
95
95
96
77
45
58
121
184
109
139
180
190
193
178
158
158
172
181
195
198
191
172
155
153
162
171
163
155
140
132
98
108
115
119
116
140
135
138
132
137
115
107
108
37
9
22
40
53
86
76
31
55
93
58
79
83
46
64
50
18
8
26
4
24
60
127
135
134
143
149
151
180
196
189
184
172
148
135
151
141
160
171
145
183
123
130
146
135
129
100
37
2
6
7
32
53
31
47
96
64
113
105
90
74
71
90
112
162
185
144
159
188
210
195
161
151
173
196
206
217
222
214
200
188
176
166
143
139
137
139
92
114
130
133
120
130
121
127
140
140
112
107
103
32
13
24
31
48
46
102
74
16
52
38
34
47
38
40
30
24
16
2
21
44
67
120
113
103
133
164
159
188
194
193
168
139
143
133
145
179
149
185
141
152
170
144
151
121
138
146
84
19
2
9
25
37
43
47
75
56
111
116
125
111
101
94
117
167
173
153
190
195
204
206
201
193
181
168
189
191
189
182
180
184
187
187
186
173
164
171
105
113
119
129
132
143
123
121
131
120
123
108
91
33
8
31
45
55
46
100
114
54
30
6
18
11
16
21
13
9
21
31
79
93
89
119
118
116
139
171
187
198
183
177
141
118
152
155
146
178
198
181
195
176
151
169
156
130
134
144
116
55
6
3
22
61
44
15
2
57
109
88
133
153
111
147
123
152
197
188
201
204
210
212
210
209
207
202
196
199
200
196
192
192
197
202
190
188
179
176
115
110
107
124
138
152
128
125
124
113
123
110
83
26
12
28
59
47
44
75
102
56
0
5
8
10
24
20
29
38
50
63
89
106
88
94
111
136
151
178
186
195
196
196
178
166
180
177
137
137
187
188
194
152
144
155
169
141
131
132
134
104
36
0
34
59
24
12
5
42
90
57
115
147
145
135
167
166
173
199
207
209
217
222
223
224
224
220
215
217
223
227
221
209
204
205
203
211
213
210
103
114
124
135
129
129
113
128
127
124
111
113
81
13
23
16
43
83
56
50
45
1
0
13
9
5
25
48
96
101
81
79
85
121
108
99
123
162
168
188
187
194
207
202
197
189
166
153
134
151
167
203
205
148
140
177
189
147
137
138
149
146
78
6
12
36
17
21
57
44
89
23
57
127
152
168
166
183
180
203
209
207
209
210
208
211
215
216
224
216
214
218
216
206
200
201
208
196
186
188
95
112
131
135
141
141
125
125
110
111
95
90
59
13
27
64
46
13
11
14
2
0
2
11
16
30
43
69
96
120
138
132
104
124
133
133
145
163
180
194
192
190
198
213
216
199
175
160
153
181
180
196
216
183
163
187
189
166
115
148
171
151
126
35
4
2
23
52
73
73
84
48
71
105
116
135
143
165
210
206
205
202
210
220
219
215
217
221
217
209
208
218
222
208
187
174
175
177
173
156
99
110
127
134
142
143
134
142
120
119
103
87
45
10
32
60
43
9
3
5
0
2
2
6
43
56
65
80
97
121
148
152
140
137
148
164
173
182
188
187
187
193
199
203
205
196
169
143
182
187
192
206
204
190
190
187
188
185
144
146
146
134
129
73
10
10
20
60
113
112
108
85
121
118
88
85
111
149
194
208
211
196
194
208
216
218
222
227
230
230
225
219
218
217
204
189
177
173
164
156
96
117
132
123
129
145
138
131
130
125
115
88
38
21
46
54
29
4
0
0
0
3
5
10
39
61
82
101
110
128
159
166
177
153
160
183
186
183
182
172
192
200
205
203
199
189
168
147
194
197
206
209
189
183
199
193
192
207
182
150
117
103
121
121
51
19
8
52
119
119
115
109
152
139
95
79
120
160
185
209
208
179
164
180
200
207
213
222
214
225
228
216
204
206
213
217
190
188
179
163
90
96
113
121
131
138
131
133
116
109
103
72
27
29
46
28
9
0
4
1
0
3
8
21
38
65
96
118
121
134
164
170
174
173
186
186
158
142
159
180
194
194
199
204
201
194
197
205
192
210
210
206
194
180
195
215
213
203
171
142
132
128
130
134
79
17
0
40
94
100
111
111
142
158
140
123
162
190
189
213
204
168
146
161
185
193
199
211
217
209
203
201
195
188
188
194
197
188
179
180
97
112
123
111
117
138
130
112
120
107
95
60
32
49
51
17
0
0
5
1
0
3
7
23
69
87
110
125
122
133
165
171
182
189
187
171
151
141
157
182
187
193
207
219
218
207
202
205
200
203
189
196
206
196
206
230
224
213
183
155
155
160
144
128
126
68
24
8
38
65
97
113
128
171
174
157
185
205
199
217
208
180
159
168
188
194
197
208
217
214
211
203
185
167
164
171
179
177
176
180
109
104
114
118
122
132
133
136
120
104
78
35
26
49
37
3
1
0
1
0
2
4
3
21
79
93
115
131
127
137
165
168
184
200
195
172
153
150
169
197
187
192
194
194
202
214
216
212
208
173
153
178
201
208
218
214
202
222
216
185
171
177
168
145
140
129
77
3
13
36
62
91
128
174
184
174
191
206
207
213
214
201
186
187
200
203
201
207
208
208
203
199
202
205
196
182
193
194
185
167
104
110
123
115
111
126
131
129
123
114
77
27
31
52
28
6
2
1
0
0
3
3
5
31
67
84
116
141
138
145
167
164
192
189
180
163
150
154
173
190
191
196
197
193
196
203
205
201
207
170
158
184
199
212
221
200
187
203
205
203
195
196
194
164
142
147
107
19
4
14
47
100
127
163
175
185
191
197
214
212
215
219
210
203
212
215
208
206
189
199
206
206
210
219
225
225
213
208
201
193
89
93
115
117
109
115
122
132
113
112
74
21
31
47
15
3
0
3
4
0
2
1
10
47
71
89
121
148
143
148
170
166
182
175
175
159
126
126
162
188
185
190
199
206
201
195
201
213
209
199
199
214
216
220
227
210
197
203
209
223
199
171
177
165
151
145
131
61
15
0
32
93
123
148
159
184
183
183
218
219
217
231
225
214
222
227
216
208
207
204
205
210
210
209
215
225
234
230
223
215
121
113
113
121
123
121
128
139
139
118
88
34
44
33
20
0
3
3
8
0
1
9
14
54
63
87
106
123
134
150
170
167
177
169
168
140
97
107
155
179
177
182
191
201
203
195
196
207
207
209
203
213
222
218
219
217
213
216
219
214
201
189
180
172
155
143
142
132
66
8
20
47
92
125
149
171
181
177
193
216
223
223
231
229
220
223
231
226
223
220
213
212
215
214
211
212
209
215
221
221
106
115
112
117
132
127
119
130
137
134
117
38
35
39
18
8
9
7
1
0
1
9
34
53
81
101
110
127
141
141
152
164
161
165
166
140
108
120
160
181
184
181
178
184
193
194
193
196
198
198
204
217
213
213
223
212
206
196
197
206
202
189
183
185
175
168
138
140
90
11
7
10
75
98
130
154
164
193
217
195
217
225
229
226
226
228
229
231
233
233
226
217
212
210
211
216
212
209
207
206
98
103
99
103
124
137
136
138
145
139
128
43
26
32
4
7
13
13
7
18
10
12
50
55
98
124
125
132
146
140
142
155
163
157
158
158
137
120
138
172
181
179
175
176
186
192
191
190
193
193
189
196
202
209
220
214
206
195
196
205
203
195
195
201
198
193
146
138
127
51
6
9
84
96
111
148
178
186
203
220
213
228
228
224
229
227
221
228
229
231
232
231
230
223
206
192
206
203
205
211
118
107
108
112
121
151
170
157
160
147
135
71
22
4
0
14
23
19
17
26
16
16
54
77
108
143
146
141
149
151
151
147
153
158
159
156
141
111
106
130
160
173
178
176
178
184
186
186
186
192
162
159
192
203
206
216
207
208
209
204
198
197
200
200
193
193
172
147
161
107
7
9
48
89
107
133
167
178
197
223
218
229
230
226
225
219
212
212
225
228
230
227
226
229
228
221
211
210
211
208
104
104
113
116
120
149
175
173
167
161
151
125
65
42
62
78
31
12
13
15
17
27
55
105
121
147
157
158
157
159
159
143
177
165
161
167
134
61
44
93
148
167
177
171
170
175
179
180
177
185
159
157
187
196
198
209
206
202
199
196
191
191
189
183
190
185
179
148
144
117
37
8
10
33
77
129
154
172
204
217
225
228
234
232
221
216
212
202
214
226
238
231
214
210
217
220
204
188
179
186
87
108
106
98
109
122
141
171
178
171
144
146
120
121
123
91
16
0
7
12
26
47
66
113
141
148
159
173
167
153
149
137
153
167
171
160
127
79
73
110
160
172
175
168
169
176
179
179
175
181
185
195
194
192
202
201
206
185
178
189
194
186
178
174
166
168
172
171
137
115
90
13
5
11
36
98
148
162
188
216
225
224
235
236
224
222
220
207
202
209
228
240
235
222
204
184
176
174
166
150
100
116
105
99
117
116
120
154
179
172
133
129
125
132
80
19
0
1
15
22
30
58
95
122
158
163
162
172
168
142
126
118
146
160
169
170
154
123
117
141
165
174
174
168
171
178
181
182
179
183
197
210
194
182
193
191
203
183
176
186
190
183
176
173
163
167
161
167
136
121
126
60
0
43
46
61
120
159
176
191
216
222
230
233
230
229
225
218
210
191
193
216
234
241
232
212
182
183
170
142
78
81
85
108
137
140
137
149
153
167
145
129
115
109
32
0
4
19
26
26
17
55
128
143
166
181
168
162
161
135
109
98
133
157
168
166
170
169
154
141
152
165
170
167
167
170
175
180
178
184
183
190
183
165
169
180
193
190
187
182
177
176
174
169
165
173
164
156
147
133
115
89
9
49
77
99
123
153
184
191
207
222
226
227
235
232
224
226
213
188
179
187
194
209
226
231
217
207
185
161
55
77
87
109
129
131
140
151
156
137
113
98
89
48
5
12
13
23
31
23
25
71
129
155
170
175
177
165
144
112
122
109
144
161
164
169
166
165
164
134
140
148
157
176
178
169
175
177
166
168
181
157
137
151
162
175
183
184
181
169
154
150
157
161
147
173
154
158
145
118
111
85
21
33
103
118
133
177
177
194
208
225
224
223
228
233
235
224
221
186
181
152
141
158
180
190
223
223
205
190
51
57
81
93
88
100
131
152
151
146
110
88
76
28
5
34
24
20
26
39
64
111
150
160
158
167
171
150
116
75
88
88
125
153
159
155
150
152
141
96
56
95
139
156
148
163
182
163
167
165
184
155
124
158
181
163
178
185
170
139
122
130
141
144
136
155
166
152
166
129
75
77
33
21
65
122
141
156
179
191
208
215
219
221
215
221
237
230
225
186
138
176
144
107
106
118
122
150
197
192
55
57
84
80
68
92
130
167
156
155
145
103
31
0
6
18
28
14
20
50
90
132
158
163
167
166
165
140
99
44
39
37
83
124
149
155
153
148
123
74
29
47
100
147
142
143
170
171
160
166
164
159
171
169
161
183
176
181
161
133
128
134
135
134
124
129
138
161
145
118
109
92
62
25
36
87
115
124
151
179
200
213
219
219
207
205
222
226
217
234
181
100
143
148
118
100
101
108
92
120
32
50
73
53
57
89
110
156
174
154
141
71
4
14
27
13
11
17
51
99
134
152
160
163
158
157
162
139
100
46
46
59
82
111
136
145
145
142
128
106
106
82
82
122
138
126
142
163
156
160
167
164
167
181
185
177
178
174
160
157
167
161
144
140
121
146
122
140
133
113
114
123
79
40
36
35
60
89
97
139
170
205
216
215
205
188
189
196
209
205
221
178
101
92
88
99
109
101
113
89
18
47
76
51
55
89
102
135
163
165
145
51
14
30
12
30
34
53
93
135
154
156
161
170
156
129
120
107
100
67
59
65
90
119
142
141
137
140
133
125
110
137
120
111
130
132
143
172
159
166
166
156
143
149
170
179
174
172
162
161
168
161
147
145
150
139
161
122
141
119
102
108
80
50
46
27
27
61
78
100
127
170
201
212
198
175
166
160
147
170
148
179
189
129
70
52
56
71
88
112
29
48
79
61
45
72
95
108
156
163
161
80
25
20
13
53
109
117
132
145
147
143
147
156
137
111
106
95
92
60
44
49
78
120
151
138
136
148
138
125
126
136
87
67
112
132
133
147
153
169
162
154
135
104
124
173
167
172
163
139
122
125
135
139
146
136
131
157
123
150
109
92
87
54
41
51
32
49
105
103
101
130
174
204
189
166
163
150
111
124
122
103
156
178
158
87
47
25
33
54
75
75
79
66
48
59
84
95
163
160
164
136
98
100
116
120
148
157
162
161
155
140
124
116
119
87
84
83
103
86
62
59
84
119
143
125
127
148
142
137
125
94
40
35
69
95
123
148
142
152
170
162
111
104
145
144
164
170
169
138
100
99
120
129
122
125
123
119
165
121
109
86
79
42
25
53
49
55
103
109
93
109
133
171
179
148
144
162
118
91
111
123
91
127
117
114
81
53
43
53
97
85
52
40
40
35
51
73
74
130
148
165
166
150
150
128
140
150
152
146
141
130
112
98
97
66
63
60
87
85
77
88
92
117
142
134
136
144
129
129
115
91
74
78
81
96
121
119
146
146
147
156
133
115
147
170
166
165
175
161
116
99
115
125
128
106
129
144
128
121
67
61
49
19
13
33
60
63
61
89
87
105
95
129
168
124
109
171
140
123
82
85
126
116
101
82
65
49
38
34
67
84
66
42
35
33
37
36
42
49
78
107
120
130
130
117
113
114
127
103
92
120
116
94
55
55
45
80
70
77
75
66
79
93
106
135
143
137
150
148
141
118
102
109
124
104
138
134
133
149
149
146
129
106
120
160
177
167
151
144
134
68
109
118
76
88
109
131
111
104
73
38
7
4
15
48
77
81
74
72
84
97
99
107
121
107
96
116
152
118
108
85
83
115
102
66
91
76
57
48
80
76
61
66
69
51
44
48
57
50
56
66
72
85
95
90
110
115
86
97
111
96
90
63
38
49
50
92
99
103
76
45
26
53
90
128
133
132
144
131
152
122
125
120
95
105
126
149
144
147
133
146
110
89
111
137
168
180
146
150
114
51
40
87
81
47
48
74
116
65
35
33
19
29
51
79
90
81
76
83
77
89
89
94
104
90
79
96
131
120
116
96
83
96
96
79
68
95
111
100
92
82
75
101
113
85
65
62
48
61
82
87
75
70
75
75
79
89
89
90
115
124
91
62
72
84
77
97
105
106
78
51
62
99
114
123
129
126
130
135
124
141
117
72
55
114
121
138
164
168
146
164
119
99
136
134
163
176
171
142
100
40
44
41
49
112
102
69
82
84
43
25
42
57
75
92
104
104
97
93
81
86
81
86
98
88
74
79
116
121
113
101
85
82
97
101
97
87
76
63
92
93
89
105
119
110
102
93
90
82
77
74
76
83
85
78
81
76
102
101
111
136
116
98
100
104
89
84
85
81
69
68
85
104
118
124
124
122
129
136
123
117
100
101
85
117
142
123
146
164
152
156
128
100
151
132
155
140
173
145
90
125
72
87
74
101
139
141
65
64
76
70
56
83
97
91
93
106
112
109
116
110
98
97
106
94
70
59
94
102
91
96
94
82
94
100
94
100
92
70
76
82
73
72
79
90
106
107
101
96
91
89
92
94
84
70
89
69
56
97
114
105
130
136
104
93
83
83
97
89
81
88
91
74
101
125
114
125
145
141
146
146
130
113
130
124
145
166
148
164
167
157
157
114
166
164
163
168
141
146
131
143
117
125
102
109
145
149
134
78
73
82
103
109
104
94
96
103
101
95
114
112
106
106
111
105
86
72
66
76
69
86
96
82
84
84
81
83
93
106
80
82
75
74
70
70
85
90
83
99
110
109
103
98
92
88
87
77
60
84
123
125
126
145
118
75
53
49
81
88
91
98
68
60
75
101
127
139
141
159
165
137
157
102
85
101
136
170
162
160
170
157
169
131
160
190
164
167
162
128
131
146
159
131
135
110
104
124
132
90
64
74
76
85
93
94
83
72
77
95
77
87
98
101
104
109
109
104
73
76
71
78
84
79
84
89
89
108
118
109
71
73
70
75
71
63
65
58
71
77
80
82
91
96
88
78
86
98
110
92
114
137
115
130
115
80
83
80
107
104
94
81
76
85
93
112
155
160
135
152
148
118
124
99
99
98
88
139
175
164
173
162
162
168
153
192
161
185
174
157
100
119
156
118
85
96
61
77
99
98
47
51
79
84
90
96
96
87
79
78
75
85
96
96
94
103
110
105
102
96
94
81
75
82
87
95
90
79
75
83
79
81
77
83
90
96
97
80
65
70
63
53
55
64
69
71
55
82
90
94
83
79
111
126
111
92
114
101
110
102
98
85
81
56
81
103
119
155
165
153
148
132
103
105
114
147
122
103
171
167
173
162
144
199
147
174
163
148
198
156
126
92
108
158
102
82
80
66
80
98
90
27
30
52
67
73
91
108
102
85
86
89
94
92
93
108
114
104
114
106
113
93
79
87
80
80
87
89
89
86
47
72
90
84
75
81
88
86
98
113
108
83
62
55
65
82
95
94
85
99
90
58
64
82
82
42
50
47
65
88
101
91
78
54
52
51
113
144
162
164
149
127
122
135
138
158
196
123
129
184
150
157
167
171
144
126
172
101
180
169
145
93
87
92
133
93
95
98
74
93
115
90
13
22
52
51
39
74
93
85
90
95
98
93
87
88
95
102
114
114
119
114
101
101
102
90
98
99
105
108
41
27
55
65
33
47
82
74
69
72
100
110
103
101
102
117
125
146
117
106
127
118
102
100
82
62
43
50
52
97
88
85
72
81
67
79
137
164
160
164
143
108
108
150
138
152
154
176
134
151
93
121
224
153
154
89
152
122
139
186
156
97
101
89
100
116
102
91
101
91
92
126
117
25
31
43
36
26
44
75
73
84
95
97
93
90
92
95
88
102
104
112
126
110
90
98
94
96
102
102
49
39
41
43
30
26
50
76
89
77
99
106
100
114
130
146
110
90
72
85
102
111
119
112
114
107
97
78
99
129
132
121
76
86
68
104
137
131
118
127
101
82
82
120
154
111
89
136
137
127
145
99
191
185
166
99
123
154
88
178
159
101
85
83
69
107
105
85
94
98
89
91
124
121
55
39
36
36
27
51
59
57
60
73
92
104
105
101
90
105
105
87
89
113
117
95
108
98
93
97
77
54
62
69
45
45
76
91
77
86
94
97
98
121
153
158
176
125
107
114
102
108
139
147
152
145
139
107
129
147
150
117
96
106
93
98
101
76
79
58
71
76
84
89
165
146
89
98
167
96
148
152
137
194
170
127
103
162
116
150
200
116
60
66
63
67
98
122
110
90
86
87
88
111
147
83
56
38
29
31
45
52
60
63
63
69
81
93
110
100
102
100
88
100
118
114
103
107
117
123
77
71
67
61
47
47
62
75
72
99
93
114
136
154
191
188
169
170
166
157
155
153
153
162
173
169
152
156
147
183
167
125
115
104
97
90
115
53
77
80
78
85
95
81
114
185
125
101
138
164
69
146
164
182
178
135
106
131
170
115
225
150
85
85
75
61
52
68
89
90
92
108
109
104
95
153
117
61
36
35
37
48
61
68
67
65
71
79
88
97
93
93
104
105
117
149
147
139
133
128
80
102
79
56
69
63
54
76
73
101
107
152
187
186
198
190
181
170
178
180
174
170
168
176
174
187
196
187
149
145
153
129
116
124
107
60
123
65
74
81
81
93
87
86
79
129
167
109
99
154
119
96
101
173
194
148
108
97
161
124
177
192
107
93
71
85
76
57
62
83
97
102
101
103
108
92
137
138
89
34
34
29
32
50
71
81
82
79
84
94
90
72
58
54
55
58
75
88
104
105
65
65
74
75
71
84
94
83
94
102
124
150
173
189
194
198
200
169
182
192
178
178
179
181
190
177
179
170
171
144
147
113
101
96
73
47
131
80
57
75
79
91
79
87
90
78
160
141
74
141
138
81
77
85
180
187
90
73
101
147
136
223
142
102
105
78
72
74
62
60
73
76
94
100
84
95
75
98
129
104
59
49
41
42
47
55
66
76
95
79
94
109
85
60
50
37
41
48
61
71
48
62
72
79
94
102
99
96
129
130
173
166
162
195
191
198
203
210
197
159
164
184
172
172
178
180
161
170
148
126
112
106
87
76
55
44
123
100
54
51
89
75
71
64
64
70
63
146
116
100
162
93
92
86
140
212
161
119
88
127
114
190
163
101
105
100
96
94
86
74
68
70
73
92
102
112
113
88
99
123
119
95
69
60
61
64
66
69
71
89
91
92
111
120
107
95
85
87
88
82
79
98
106
109
125
141
146
149
150
154
180
190
194
193
184
197
197
199
193
167
152
167
181
179
172
162
151
147
136
107
89
94
79
53
49
53
89
78
63
29
29
68
63
57
80
71
63
100
151
72
134
136
78
91
103
224
133
114
143
135
153
130
226
105
73
82
83
88
103
104
89
77
68
84
87
93
114
117
104
98
120
119
106
92
82
71
72
86
86
84
79
82
93
98
105
120
102
101
103
106
75
79
108
138
150
165
176
169
167
148
172
181
171
188
198
192
177
181
176
173
176
181
180
165
153
150
142
134
126
111
87
68
53
53
62
62
57
55
76
68
36
38
57
67
60
65
77
74
139
114
76
173
97
86
72
180
182
83
98
119
171
162
193
172
46
72
77
63
82
93
121
120
102
74
88
95
69
88
123
112
97
97
112
107
80
83
95
80
92
92
89
91
98
99
102
114
123
118
113
103
94
77
95
131
140
142
155
163
160
167
163
152
159
162
159
182
180
182
164
167
170
158
151
134
125
127
134
133
122
110
88
60
60
60
74
72
69
92
73
62
61
35
34
57
64
62
71
81
104
149
101
133
157
109
104
129
214
129
115
101
113
156
182
209
142
60
44
58
60
76
86
114
119
116
97
98
106
77
76
127
126
83
68
99
113
90
79
92
81
88
97
107
112
107
102
106
112
110
118
131
114
130
124
111
124
147
154
151
145
150
168
166
140
131
151
173
174
179
155
155
150
128
129
125
136
127
128
119
90
72
68
60
61
56
64
44
51
110
59
51
47
43
59
61
48
67
99
101
107
164
128
98
149
143
108
125
217
166
94
100
93
136
172
181
174
153
104
82
46
80
76
83
104
117
109
99
100
88
79
90
104
119
110
101
115
121
102
86
102
99
95
92
91
92
96
104
117
116
122
124
114
123
121
116
123
130
135
143
138
122
129
154
159
151
155
161
169
173
156
153
143
123
126
128
136
126
126
111
76
57
58
55
42
41
39
31
36
103
83
46
61
71
63
64
83
75
69
92
81
127
147
92
108
161
124
114
173
221
125
106
86
102
152
200
142
161
94
93
115
99
101
99
110
99
109
113
95
91
97
87
85
74
92
113
115
126
136
125
114
109
104
99
92
89
88
88
101
100
106
112
123
125
131
124
111
123
136
125
128
141
138
157
173
149
148
179
172
161
150
140
133
133
131
128
128
122
110
84
56
44
39
27
35
43
37
58
42
81
126
59
77
81
93
80
57
71
84
63
68
84
164
95
96
132
164
118
122
211
162
119
122
105
109
203
180
140
130
69
76
65
94
96
87
124
129
113
117
121
103
85
94
82
86
98
99
100
112
122
127
123
122
120
114
109
105
98
87
76
67
66
131
111
117
130
121
117
132
141
164
157
161
179
168
154
165
158
150
127
131
115
110
128
114
99
80
70
51
32
26
31
38
42
37
44
50
65
46
56
132
105
92
85
81
81
82
81
82
84
102
86
123
118
74
84
129
155
93
154
186
104
96
118
115
158
199
131
167
119
72
71
78
70
44
46
75
108
122
133
134
119
104
110
97
94
117
122
106
100
102
103
115
129
138
145
145
136
111
116
116
103
95
101
107
123
142
149
156
171
160
169
149
155
170
156
143
132
131
108
127
105
88
100
64
33
29
26
28
40
48
39
38
54
43
25
47
60
92
96
118
118
102
106
108
104
92
79
75
79
67
90
103
111
64
79
86
150
131
102
208
151
85
93
115
111
190
162
116
166
115
86
83
84
71
37
41
70
87
109
124
112
103
112
123
111
92
106
126
123
141
124
109
103
105
122
138
139
127
134
137
129
114
101
115
138
144
147
150
143
149
134
137
142
129
118
116
114
103
106
87
65
61
49
34
32
23
36
42
52
66
61
44
37
38
62
74
84
92
83
94
137
105
79
69
60
83
64
61
53
19
30
64
144
66
83
65
65
150
124
182
178
135
68
100
104
150
207
135
127
168
103
80
98
89
81
56
57
74
82
101
119
117
103
109
127
127
117
115
116
122
144
147
125
111
118
131
139
132
143
137
130
97
112
134
134
120
122
124
109
117
99
100
115
119
114
101
83
59
64
56
43
36
30
28
34
39
44
50
54
50
43
52
72
78
81
75
74
80
78
89
118
115
60
76
67
84
71
76
53
83
64
62
122
65
68
69
80
93
145
160
186
148
87
84
100
116
194
187
98
137
168
93
82
97
90
81
63
61
68
76
106
113
93
78
89
106
106
106
116
138
149
146
133
131
138
140
138
152
160
157
154
116
133
147
132
107
106
111
100
107
111
121
118
95
79
76
72
56
41
31
34
44
48
44
36
54
49
54
63
65
69
75
79
66
69
71
73
73
67
64
68
143
103
98
100
92
86
94
72
92
84
79
124
100
75
81
80
87
130
147
188
155
133
66
89
104
142
187
157
87
143
147
104
93
80
91
74
68
70
58
90
97
99
93
94
102
95
91
106
107
121
132
141
153
160
156
149
151
155
159
166
126
120
124
126
115
109
112
111
116
101
83
67
55
52
46
35
38
31
36
47
50
56
64
66
66
63
66
67
70
81
75
49
67
78
96
103
96
90
86
78
104
126
90
111
96
97
97
96
65
92
96
114
120
87
103
86
98
99
141
197
173
153
98
90
93
119
154
175
124
94
136
147
114
84
74
64
72
78
65
79
101
106
100
92
96
103
105
107
108
116
118
115
116
121
130
139
112
112
110
114
114
97
95
106
104
90
79
73
70
79
83
72
53
42
39
38
49
47
58
70
70
73
82
85
79
86
94
86
75
87
100
94
95
96
100
96
88
98
112
114
109
134
110
96
96
104
102
116
118
96
82
112
131
44
65
95
98
102
113
171
209
150
139
67
83
93
145
134
168
125
109
133
129
116
87
67
67
73
71
59
63
92
124
124
108
108
106
86
104
111
111
103
99
105
122
140
136
136
131
127
117
110
102
96
91
86
77
66
73
77
74
60
46
41
46
53
51
51
58
70
79
84
84
83
99
96
97
92
80
77
91
105
104
102
104
103
103
110
113
108
108
103
151
117
130
125
104
97
107
107
99
103
135
67
58
51
95
118
122
122
202
173
169
130
82
67
108
138
136
162
132
121
134
142
113
77
60
68
80
62
50
57
84
105
115
140
147
121
106
115
116
111
108
108
111
117
122
128
131
130
89
94
86
70
65
74
75
67
54
49
39
34
34
35
37
42
50
70
82
84
87
88
94
107
94
88
85
90
95
90
90
99
100
94
84
80
86
96
102
104
108
96
131
129
108
98
81
70
67
85
98
108
156
115
85
60
24
64
125
118
160
189
157
169
95
90
66
129
123
144
136
138
119
143
155
115
58
41
71
110
73
61
65
76
82
101
126
135
131
136
134
128
131
137
139
139
141
145
154
156
88
94
89
72
62
62
57
47
46
43
39
44
56
67
79
92
88
99
92
82
86
81
70
71
74
83
80
75
79
75
70
76
65
73
78
83
92
91
86
88
95
115
88
150
90
93
95
104
93
96
99
98
144
121
100
93
69
56
83
125
131
207
174
152
136
100
81
92
142
116
131
120
131
110
142
153
126
82
46
69
91
66
52
57
56
48
61
86
100
116
126
129
136
143
140
134
147
146
156
163
77
76
65
50
50
57
62
64
73
69
67
77
89
88
81
80
68
57
51
49
51
63
73
72
84
83
87
94
96
88
79
74
68
74
83
93
103
107
103
96
102
109
89
103
125
84
68
74
74
82
90
89
148
125
110
107
97
90
68
92
129
181
204
155
152
130
115
71
134
119
131
124
123
130
122
140
160
138
98
63
69
98
100
49
40
49
28
43
61
74
88
94
99
106
102
88
100
88
82
84
27
31
32
35
45
54
57
59
51
54
56
56
52
46
46
54
51
48
56
65
68
75
81
80
82
82
88
99
108
114
117
120
130
114
107
113
109
95
96
110
112
95
74
78
87
97
59
67
52
81
97
86
131
138
120
116
119
102
89
99
125
148
198
187
157
136
111
127
93
148
109
144
114
115
140
128
139
180
154
115
97
73
90
97
83
57
28
42
44
55
65
67
70
82
86
79
75
89
96
95
25
25
24
29
39
45
47
51
58
55
52
52
54
58
65
71
75
64
66
80
87
89
87
80
88
88
91
94
96
96
97
99
92
100
102
99
105
115
114
105
115
103
83
86
64
101
81
89
75
66
67
85
124
140
101
113
110
110
94
119
112
141
177
191
162
159
121
123
92
128
124
93
130
123
107
122
122
134
175
163
133
121
109
97
120
129
81
51
45
38
45
61
63
56
59
67
62
71
64
60
30
33
42
59
74
79
83
91
92
89
86
82
79
81
86
88
77
73
82
91
86
83
92
101
111
110
110
110
110
111
113
116
112
97
87
93
98
94
92
94
91
95
78
96
66
82
91
76
99
102
94
84
87
138
103
120
112
107
100
77
94
108
157
156
201
165
134
112
154
106
140
88
91
117
115
100
119
116
101
135
149
127
140
139
117
114
114
114
122
91
66
60
55
50
53
59
74
83
83
85
82
85
91
98
94
76
63
62
63
73
84
81
68
64
66
65
71
61
65
76
76
75
79
82
90
89
87
86
90
98
107
113
128
117
114
122
127
123
122
126
121
109
108
127
119
109
110
75
57
72
80
83
75
130
93
102
121
139
120
113
90
117
128
136
183
177
153
115
144
142
137
142
92
86
120
133
117
117
114
105
125
154
144
119
139
149
127
120
124
146
152
125
96
89
87
76
78
83
89
88
91
75
52
33
22
15
19
30
43
50
65
72
67
59
40
15
16
10
14
16
14
29
61
85
88
92
98
103
111
120
126
128
118
126
126
115
112
120
125
122
124
94
107
101
104
111
118
124
106
96
86
95
80
116
82
88
108
120
137
118
116
97
121
141
125
202
165
125
95
141
137
168
116
121
92
113
137
118
124
132
112
139
159
149
132
134
141
138
122
111
122
147
152
132
111
101
112
103
99
95
79
72
62
59
62
63
63
68
75
61
51
44
47
66
76
67
43
41
50
61
65
73
80
79
90
91
91
89
90
92
90
85
78
71
79
96
94
76
70
79
92
92
102
98
86
90
78
97
99
125
128
113
87
122
103
79
81
99
118
145
138
129
123
155
128
183
169
151
115
103
128
165
134
115
118
99
108
134
118
117
125
125
116
124
141
137
128
126
131
128
111
93
108
147
158
139
132
121
106
98
71
68
63
67
78
81
76
72
66
70
70
50
26
38
66
77
54
51
54
56
55
62
69
67
50
43
31
23
26
37
46
49
48
47
49
60
78
93
96
92
88
106
70
91
87
104
100
110
91
101
108
120
113
130
110
78
91
85
95
112
138
136
137
159
141
142
187
145
131
117
117
134
164
118
118
144
119
107
132
124
118
116
119
121
118
132
138
108
88
80
83
95
104
113
128
141
137
148
138
123
88
94
92
83
78
81
91
103
93
95
94
89
82
77
74
73
72
65
52
44
38
28
30
47
44
45
49
55
57
55
53
52
51
72
90
87
81
90
102
104
89
94
92
85
81
81
85
91
107
109
112
120
130
121
129
99
101
97
96
87
103
131
142
167
163
117
195
165
136
86
102
115
145
116
117
118
130
112
119
125
122
122
114
110
115
117
119
128
97
79
89
114
116
105
102
102
101
112
128
140
65
68
63
53
51
60
77
94
97
98
98
96
93
89
83
78
82
70
56
56
62
58
53
58
54
52
50
47
48
55
68
80
82
75
71
64
52
48
55
63
79
84
90
96
94
83
78
83
89
95
101
105
119
128
148
112
88
89
111
102
85
99
115
124
167
133
177
185
153
112
84
73
121
146
111
124
115
131
116
112
119
113
107
109
115
110
106
114
135
128
116
103
99
110
118
114
117
113
126
140
96
100
94
83
76
74
79
88
83
86
91
98
104
104
97
91
95
97
96
91
82
69
67
76
75
71
69
72
77
77
69
62
61
69
70
60
57
62
52
29
35
37
51
79
96
92
86
91
84
89
95
90
98
120
149
105
116
93
101
105
93
95
108
122
160
143
141
187
163
155
116
105
93
159
122
122
110
127
123
124
102
114
117
114
121
125
114
99
97
117
119
108
112
123
119
106
106
102
118
124
88
97
103
103
100
90
79
73
86
87
92
101
111
119
123
126
116
110
103
98
93
84
78
78
87
83
78
79
82
83
78
72
68
62
67
75
68
61
75
96
60
46
37
48
68
78
84
90
92
93
100
94
91
111
144
100
118
126
121
109
115
122
111
104
139
146
123
178
160
158
134
131
110
140
136
106
134
121
140
138
124
113
103
103
106
105
108
116
102
114
113
108
118
126
131
140
118
111
116
117
109
116
121
124
127
120
107
98
100
95
91
89
92
101
117
130
131
127
123
116
107
97
90
85
83
88
87
77
67
65
72
79
97
90
92
97
90
79
71
69
93
88
75
66
69
74
74
73
80
78
90
94
90
101
135
101
98
109
110
113
116
111
113
122
147
164
132
167
154
137
129
125
113
115
154
102
118
90
116
125
129
131
120
99
93
105
112
107
115
124
124
125
130
125
121
131
135
142
138
123
109
110
108
109
118
124
125
127
112
116
122
122
113
103
102
107
105
118
136
140
128
115
105
96
89
90
89
84
81
77
69
60
73
94
101
87
88
109
105
77
77
92
96
87
80
79
78
77
75
71
82
92
93
96
126
98
92
102
108
106
98
108
114
86
108
136
128
171
180
155
138
116
144
131
162
137
124
124
113
111
121
114
119
127
121
111
113
119
119
131
135
134
138
140
135
131
143
142
129
125
111
113
109
102
101
102
104
108
131
129
126
118
107
102
110
122
96
93
101
116
129
136
123
100
104
97
87
83
89
95
89
79
60
75
97
101
85
78
96
118
88
94
91
81
75
74
78
84
86
83
85
92
102
105
126
98
117
96
86
101
100
100
117
109
88
105
89
136
159
164
154
135
128
129
148
162
126
136
118
123
107
103
107
111
111
118
127
128
131
136
140
139
142
153
154
142
119
123
122
122
119
132
140
138
132
125
120
121
123
127
134
138
133
126
129
137
144
126
108
99
101
116
124
116
107
115
114
98
82
79
86
92
78
72
77
89
88
80
78
81
102
98
96
98
97
84
69
65
78
77
73
75
95
104
121
90
107
115
107
117
114
94
105
120
119
120
80
119
131
157
149
138
106
103
112
153
139
139
131
138
116
102
106
120
121
119
124
130
136
122
117
113
108
114
119
110
96
95
101
104
130
139
130
127
149
160
152
148
151
113
110
124
124
127
129
124
129
129
140
152
139
114
107
118
113
117
117
111
96
78
75
86
96
84
78
78
81
93
91
71
90
92
98
109
114
105
97
99
84
83
84
94
94
114
129
88
99
109
95
88
106
107
99
111
129
136
132
124
143
107
145
134
101
110
83
136
109
112
117
124
123
125
115
95
85
96
101
94
102
108
120
118
107
110
113
103
122
124
113
104
159
166
170
163
159
161
159
149
145
154
137
119
108
114
126
108
101
117
124
119
126
138
122
87
103
106
108
116
128
125
103
82
82
87
86
80
81
88
97
105
81
88
91
92
98
103
103
102
98
99
103
108
97
107
125
101
92
102
118
100
70
83
103
89
102
117
136
142
149
106
142
136
136
103
110
125
128
116
124
121
119
109
106
108
105
101
101
102
87
91
97
104
108
106
108
115
94
103
104
101
164
165
154
149
154
144
128
126
123
147
166
136
121
125
110
118
137
105
106
123
117
113
117
111
96
102
100
95
103
116
111
96
91
101
96
87
84
76
77
94
109
97
88
90
89
83
90
110
108
95
89
96
98
110
121
100
109
99
111
127
119
108
113
117
90
94
113
140
158
114
129
114
139
121
124
120
138
104
113
114
115
109
110
110
98
86
88
97
105
104
87
73
74
71
72
87
103
92
83
88
68
102
131
129
119
128
134
123
121
125
122
159
163
126
126
131
132
147
134
122
132
129
118
128
128
128
118
103
100
113
118
111
90
86
79
80
85
81
80
89
102
102
104
107
100
85
81
90
101
104
104
97
90
99
113
109
96
97
95
104
122
130
125
121
113
105
101
119
138
105
122
130
117
142
94
106
142
111
103
98
115
107
97
94
102
112
101
79
80
96
93
78
78
85
83
79
96
78
65
75
94
67
100
128
96
91
119
119
102
94
105
96
119
163
151
133
120
127
129
117
115
137
139
110
112
124
137
131
110
100
104
109
118
101
93
89
78
70
71
71
71
97
107
97
96
105
103
92
96
111
116
100
90
93
93
90
112
102
109
111
99
110
129
128
132
125
107
123
148
119
118
135
101
146
112
103
129
110
106
110
136
130
111
90
91
112
118
103
82
94
104
97
87
94
95
83
77
84
90
95
133
96
89
111
108
78
67
78
80
86
78
86
82
89
125
128
120
96
113
132
107
97
119
130
131
118
120
131
133
130
125
116
117
112
121
120
96
80
79
74
42
53
69
87
97
91
80
78
87
99
106
99
106
108
86
78
112
102
105
115
107
93
100
118
117
134
131
135
131
106
118
157
123
118
136
96
130
142
133
127
117
134
148
138
113
100
104
109
124
113
115
113
94
84
86
83
96
98
93
81
105
132
115
86
95
99
88
91
94
101
116
102
80
67
69
100
120
125
100
102
141
134
107
119
133
117
114
121
122
128
134
130
111
116
128
134
127
113
100
92
93
70
61
82
99
92
88
99
83
94
109
112
121
115
96
110
96
114
113
105
113
118
108
101
102
112
121
139
131
120
119
129
153
134
163
123
120
140
114
120
118
119
132
143
137
122
114
112
113
110
119
133
131
117
107
105
107
104
104
107
155
129
136
145
122
105
103
94
114
122
114
120
129
109
90
95
114
108
107
92
82
116
141
121
120
112
116
121
119
122
121
110
123
120
112
118
139
140
121
112
110
100
74
60
82
110
108
89
103
89
89
101
127
121
94
111
116
97
115
125
98
102
123
111
107
99
107
130
122
129
128
115
133
134
129
140
124
159
113
130
134
127
130
140
140
131
121
114
108
115
115
121
134
129
115
111
107
99
101
107
89
139
143
121
137
149
124
99
79
103
86
81
97
111
127
120
94
90
99
91
81
80
87
121
112
108
105
99
92
99
121
139
144
126
121
117
124
139
140
141
113
121
112
98
84
88
102
89
98
102
101
79
96
131
115
94
115
106
118
130
118
108
113
117
119
120
115
111
112
115
121
130
148
143
127
126
124
131
142
120
110
109
126
142
141
142
144
138
144
135
131
127
123
128
132
126
131
128
122
113
83
80
112
122
79
68
109
139
129
103
126
120
85
90
109
122
135
118
110
99
102
105
88
87
111
101
111
120
111
113
124
122
128
134
145
132
116
122
141
165
161
134
131
114
111
107
85
105
106
108
120
110
96
107
123
131
98
101
107
127
139
123
113
127
130
124
127
129
121
119
124
122
129
135
126
128
131
135
138
116
118
113
122
132
131
133
137
134
136
136
135
124
108
107
117
121
97
112
124
126
99
110
105
115
130
96
68
91
110
106
121
125
127
115
99
125
129
138
150
143
137
135
119
111
118
127
116
106
122
137
130
121
114
114
127
131
138
148
148
153
189
182
155
147
123
117
141
115
108
108
95
107
126
118
112
119
133
124
111
116
131
127
117
123
126
116
126
132
117
116
129
130
142
154
142
133
136
140
143
132
141
129
124
121
112
109
111
108
113
114
120
123
120
117
108
97
109
107
112
121
142
123
143
151
119
113
117
90
110
110
91
101
111
104
113
114
116
117
125
132
142
152
153
150
156
138
145
154
140
142
160
163
142
141
144
136
133
139
142
154
160
186
194
171
165
161
140
140
134
120
112
126
115
108
124
109
105
115
132
131
114
112
119
114
118
116
125
130
117
113
124
133
120
142
142
132
136
141
141
141
135
125
121
123
123
125
131
132
125
119
116
119
125
127
120
108
94
105
111
109
